149
148 149
164 165
186 187
199 200
203 204
244 245
257 258
261 262
272 273
279 308
280 281
288 289
292 293
296 297
298 299
302 303
304 305
306 307
346 411
347 348
351 352
361 362
373 374
379 438
383 384
393 394
395 396
399 402
400 401
405 406
407 408
409 410
420 429
423 424
425 426
427 428
432 433
434 435
436 437
457 458
482 483
492 493
496 568
505 506
509 595
512 541
513 514
521 522
525 526
529 530
531 532
535 536
537 538
539 540
550 551
552 553
556 559
557 558
562 563
564 565
566 567
575 576
579 580
583 584
585 586
589 590
591 592
593 594
628 779
629 630
638 639
649 650
653 725
662 663
666 752
669 698
670 671
678 679
682 683
686 687
688 689
692 693
694 695
696 697
707 710
708 709
713 716
714 715
719 722
720 721
723 724
734 735
736 737
740 743
741 742
746 747
748 749
750 751
761 762
763 764
767 770
768 769
773 774
775 776
777 778
818 819
830 936
831 832
835 836
837 882
846 847
850 909
853 963
854 855
862 863
866 867
870 871
872 873
876 877
878 879
880 881
891 900
894 897
895 896
898 899
903 906
904 905
907 908
918 927
921 924
922 923
925 926
930 933
931 932
934 935
943 944
947 948
951 952
953 954
957 958
959 960
961 962
972 973
974 975
978 981
979 980
984 985
986 987
988 989
