148 21 139 145 147 148
164 46 155 159 163 164
186 94 171 178 185 186
199 122 173 193 198 199
203 127 183 195 202 203
244 68 229 240 243 244
257 83 224 253 256 257
261 94 236 250 260 261
272 109 217 269 271 272
279 117 148 154 161 164 191 193 195 196 219 224 229 231 232 271 275 276 278 279
280 117 231 275 278 280
288 148 219 285 287 288
292 154 224 285 291 292
296 161 229 288 295 296
298 164 232 292 295 298
302 191 271 287 301 302
304 193 276 291 301 304
306 195 279 296 302 306
346 139 141 154 155 169 171 173 174 318 320 327 328 339 341 345 346
347 61 330 343 346 347
351 65 334 339 350 351
361 83 327 357 360 361
373 105 320 370 372 373
379 236 239 242 244 268 272 278 279 341 343 350 353 370 376 378 379
383 127 366 379 382 383
393 139 318 388 392 393
395 141 320 390 392 395
399 154 155 327 328 393 395 398 399
400 154 327 393 398 400
405 169 339 388 404 405
407 171 341 390 404 407
409 173 345 398 405 409
420 236 239 242 244 341 343 350 353 415 417 419 420
423 236 341 415 422 423
425 239 343 417 423 425
427 242 350 419 422 427
432 268 370 415 431 432
434 272 376 417 432 434
436 278 378 419 431 436
457 21 448 452 456 457
482 61 464 478 481 482
492 89 470 487 491 492
496 217 219 239 240 251 253 261 263 454 457 478 479 487 489 495 496
505 117 472 502 504 505
509 129 163 174 182 186 196 199 203 205 318 334 357 365 372 378 381 383 448 468 473 481 489 491 492 495 496 500 504 505 508 509
512 129 163 174 182 186 196 199 203 205 473 481 492 495 496 505 508 509 511 512
513 129 496 508 511 513
521 163 473 518 520 521
525 174 481 518 524 525
529 182 492 520 528 529
531 186 495 524 528 531
535 196 505 521 534 535
537 199 509 525 534 537
539 203 512 529 535 539
550 217 454 545 549 550
552 219 457 547 549 552
556 239 240 478 479 550 552 555 556
557 239 478 550 555 557
562 251 487 545 561 562
564 253 489 547 561 564
566 261 495 555 562 566
575 318 448 572 574 575
579 334 468 572 578 579
583 357 489 575 582 583
585 365 491 579 582 585
589 372 500 574 588 589
591 378 504 578 588 591
593 381 511 583 589 593
628 452 454 463 464 468 470 472 473 607 609 616 617 621 623 627 628
629 46 614 625 628 629
638 65 621 634 637 638
649 85 616 645 647 649
653 231 232 242 243 255 257 260 263 627 629 637 640 647 648 652 653
662 109 609 657 661 662
666 129 145 169 180 185 191 198 202 205 328 330 361 363 373 376 381 382 607 614 617 634 645 648 649 652 653 659 661 662 665 666
669 129 145 169 180 185 191 198 202 205 607 634 645 652 653 661 665 666 668 669
670 129 653 666 668 670
678 145 607 675 677 678
682 169 634 675 681 682
686 180 645 677 685 686
688 185 652 681 685 688
692 191 661 678 691 692
694 198 665 682 691 694
696 202 669 686 692 696
707 231 232 627 629 703 704 706 707
708 231 627 703 706 708
713 242 243 637 640 706 707 712 713
714 242 637 706 712 714
719 255 257 647 648 703 704 718 719
720 255 647 703 718 720
723 260 652 712 718 723
734 328 614 729 733 734
736 330 617 731 733 736
740 361 363 648 649 734 736 739 740
741 361 648 734 739 741
746 373 659 729 745 746
748 376 662 731 745 748
750 381 668 739 746 750
761 452 607 756 760 761
763 454 609 758 761 763
767 463 464 616 617 760 763 766 767
768 463 616 760 766 768
773 468 621 756 772 773
775 470 623 758 773 775
777 472 627 766 772 777
818 68 806 811 817 818
830 85 89 141 147 159 161 178 180 182 183 345 347 351 353 360 363 365 366 789 793 798 802 804 806 813 814 816 818 824 825 829 830
831 85 798 827 829 831
835 89 802 825 834 835
837 141 147 159 161 178 180 182 183 789 793 804 806 824 827 835 837
846 105 789 842 845 846
850 250 251 255 256 268 269 275 276 824 825 829 830 842 843 849 850
853 122 456 463 479 482 500 502 508 509 793 798 811 813 814 845 849 850 852 853
854 122 813 850 852 854
862 141 789 859 861 862
866 147 793 861 865 866
870 159 804 862 869 870
872 161 806 866 870 872
876 178 824 859 875 876
878 180 827 865 875 878
880 182 835 869 876 880
891 250 251 255 256 824 825 829 830 887 888 890 891
894 250 251 824 825 887 888 893 894
895 250 824 887 893 895
898 255 829 890 893 898
903 268 269 842 843 887 888 902 903
904 268 842 887 902 904
907 275 849 890 902 907
918 345 347 351 353 813 814 816 818 914 915 917 918
921 345 347 813 814 914 915 920 921
922 345 813 914 920 922
925 351 816 917 920 925
930 360 363 830 831 914 915 929 930
931 360 830 914 929 931
934 365 834 917 929 934
943 456 793 940 942 943
947 463 798 942 946 947
951 479 811 943 950 951
953 482 814 947 951 953
957 500 845 940 956 957
959 502 849 946 956 959
961 508 853 950 957 961
972 623 802 967 971 972
974 625 804 969 972 974
978 638 640 816 817 971 974 977 978
979 638 816 971 977 979
984 657 843 967 983 984
986 659 846 969 984 986
988 665 852 977 983 988
