0
0
1 0 1
0
1 0 3
1 1 3
0
1 0 6
1 1 6
2 2 7 8
1 3 6
2 4 7 10
0
1 0 12
1 1 12
2 2 13 14
1 3 12
2 5 14 16
1 6 12
2 7 13 18
2 8 14 18
3 9 15 19 20
0
1 0 22
1 1 22
1 3 22
1 6 22
2 8 24 26
2 10 25 26
1 12 22
2 13 23 29
2 16 25 29
0
1 0 32
1 1 32
2 2 33 34
1 3 32
2 5 34 36
1 6 32
2 10 36 38
1 12 32
2 18 38 40
1 22 32
2 23 33 42
2 25 36 42
2 26 38 42
3 28 39 44 45
0
1 0 47
1 1 47
2 2 48 49
1 3 47
2 4 48 51
1 6 47
1 12 47
2 16 51 54
2 18 53 54
1 22 47
2 24 49 57
2 25 51 57
2 29 54 57
3 31 55 59 60
1 32 47
2 33 48 62
2 34 49 62
3 35 50 63 64
2 38 53 62
2 40 54 62
3 41 56 66 67
0
1 0 69
1 1 69
1 3 69
2 4 70 72
2 5 71 72
1 6 69
2 8 71 75
1 12 69
2 13 70 77
1 22 69
2 23 70 79
2 24 71 79
2 26 75 79
3 27 76 81 82
2 29 77 79
3 30 78 80 84
1 32 69
2 34 71 86
2 36 72 86
3 37 74 87 88
2 40 77 86
1 47 69
2 48 70 91
2 51 72 91
3 52 73 92 93
2 53 75 91
0
1 0 96
1 1 96
1 3 96
2 4 97 99
2 5 98 99
1 6 96
2 7 97 102
2 10 99 102
3 11 100 103 104
1 12 96
2 14 98 106
2 16 99 106
3 17 101 107 108
1 22 96
2 23 97 110
2 24 98 110
1 32 96
2 33 97 113
2 40 106 113
2 42 110 113
3 43 111 114 116
1 47 96
2 49 98 118
2 53 102 118
2 57 110 118
3 58 112 119 121
1 69 96
2 75 102 123
2 77 106 123
2 86 113 123
3 90 115 125 126
2 91 118 123
3 95 120 124 128
0
1 0 130
1 1 130
2 2 131 132
1 3 130
2 4 131 134
1 6 130
2 7 131 136
2 8 132 136
3 9 133 137 138
2 10 134 136
3 11 135 137 140
1 12 130
2 13 131 142
2 14 132 142
3 15 133 143 144
2 18 136 142
3 19 137 143 146
3 20 138 144 146
4 21 139 145 147 148
1 22 130
2 24 132 150
2 25 134 150
2 26 136 150
3 27 138 151 153
3 28 140 152 153
1 32 130
2 36 134 156
2 38 136 156
3 39 140 157 158
2 40 142 156
3 41 146 158 160
2 42 150 156
3 44 152 157 162
3 45 153 158 162
4 46 155 159 163 164
1 47 130
2 48 131 166
2 49 132 166
3 50 133 167 168
2 51 134 166
3 52 135 167 170
2 57 150 166
3 58 151 168 172
3 59 152 170 172
1 69 130
2 70 131 175
2 72 134 175
3 73 135 176 177
2 77 142 175
3 78 143 176 179
2 86 156 175
3 88 157 177 181
3 90 160 179 181
2 91 166 175
3 92 167 176 184
3 93 170 177 184
4 94 171 178 185 186
1 96 130
2 98 132 188
2 106 142 188
3 107 144 189 190
2 110 150 188
3 112 151 189 192
2 113 156 188
3 115 160 190 194
3 116 162 192 194
2 118 166 188
3 119 168 189 197
3 121 172 192 197
4 122 173 193 198 199
2 123 175 188
3 125 179 190 201
3 126 181 194 201
4 127 183 195 202 203
3 128 184 197 201
0
1 0 206
1 1 206
1 3 206
2 4 207 209
2 5 208 209
1 6 206
2 8 208 212
1 12 206
2 14 208 214
2 16 209 214
3 17 211 215 216
2 18 212 214
3 20 213 215 218
1 22 206
2 23 207 220
2 24 208 220
2 26 212 220
3 27 213 222 223
1 32 206
2 33 207 225
2 38 212 225
2 40 214 225
3 41 218 227 228
2 42 220 225
3 43 221 226 230
3 45 223 227 230
1 47 206
2 48 207 233
2 51 209 233
3 52 210 234 235
2 53 212 233
2 54 214 233
3 55 216 235 238
3 56 218 237 238
2 62 225 233
3 63 226 234 241
3 66 227 237 241
3 67 228 238 241
4 68 229 240 243 244
1 69 206
2 70 207 246
2 71 208 246
2 72 209 246
3 73 210 247 249
3 74 211 248 249
2 75 212 246
3 76 213 248 252
2 79 220 246
3 80 221 247 254
3 81 222 248 254
3 82 223 252 254
4 83 224 253 256 257
2 91 233 246
3 92 234 247 259
3 93 235 249 259
4 94 236 250 260 261
3 95 237 252 259
1 96 206
2 97 207 264
2 98 208 264
2 99 209 264
3 100 210 265 267
3 101 211 266 267
2 106 214 264
3 107 215 266 270
3 108 216 267 270
4 109 217 269 271 272
2 110 220 264
3 111 221 265 274
3 112 222 266 274
2 113 225 264
3 114 226 265 277
3 115 228 270 277
3 116 230 274 277
4 117 231 275 278 280
1 130 206
2 132 208 282
2 136 212 282
3 138 213 283 284
2 142 214 282
3 144 215 283 286
3 146 218 284 286
4 148 219 285 287 288
2 150 220 282
3 151 222 283 290
3 153 223 284 290
4 154 224 285 291 292
2 156 225 282
3 158 227 284 294
3 160 228 286 294
4 161 229 288 295 296
3 162 230 290 294
4 164 232 292 295 298
2 188 264 282
3 189 266 283 300
3 190 270 286 300
4 191 271 287 301 302
3 192 274 290 300
4 193 276 291 301 304
3 194 277 294 300
4 195 279 296 302 306
4 196 280 298 304 306
0
1 0 309
1 1 309
2 2 310 311
1 3 309
2 4 310 313
1 6 309
2 7 310 315
2 8 311 315
3 9 312 316 317
2 10 313 315
3 11 314 316 319
1 12 309
2 16 313 321
1 22 309
2 24 311 323
2 25 313 323
2 26 315 323
3 27 317 324 326
3 28 319 325 326
2 29 321 323
3 31 322 325 329
1 32 309
2 33 310 331
2 34 311 331
3 35 312 332 333
2 40 321 331
1 47 309
2 48 310 336
2 49 311 336
3 50 312 337 338
2 51 313 336
3 52 314 337 340
2 54 321 336
3 55 322 340 342
2 57 323 336
3 58 324 338 344
3 59 325 340 344
3 60 329 342 344
4 61 330 343 346 347
2 62 331 336
3 63 332 337 349
3 64 333 338 349
4 65 334 339 350 351
3 67 335 342 349
1 69 309
2 71 311 354
2 75 315 354
3 76 317 355 356
2 77 321 354
2 79 323 354
3 81 324 355 359
3 82 326 356 359
4 83 327 357 360 361
3 84 329 358 359
2 86 331 354
3 87 333 355 364
3 90 335 358 364
1 96 309
2 97 310 367
2 99 313 367
3 100 314 368 369
2 102 315 367
3 103 316 368 371
3 104 319 369 371
4 105 320 370 372 373
2 106 321 367
3 108 322 369 375
2 113 331 367
3 114 332 368 377
3 115 335 375 377
2 123 354 367
3 124 356 371 380
3 125 358 375 380
3 126 364 377 380
4 127 366 379 382 383
1 130 309
2 131 310 385
2 132 311 385
3 133 312 386 387
2 134 313 385
3 135 314 386 389
2 136 315 385
3 137 316 386 391
3 138 317 387 391
4 139 318 388 392 393
3 140 319 389 391
4 141 320 390 392 395
2 150 323 385
3 151 324 387 397
3 152 325 389 397
3 153 326 391 397
4 154 327 393 398 400
4 155 328 395 399 400
2 166 336 385
3 167 337 386 403
3 168 338 387 403
4 169 339 388 404 405
3 170 340 389 403
4 171 341 390 404 407
3 172 344 397 403
4 173 345 398 405 409
4 174 346 399 407 409
1 206 309
2 207 310 412
2 209 313 412
3 210 314 413 414
2 214 321 412
3 216 322 414 416
2 225 331 412
3 226 332 413 418
3 228 335 416 418
2 233 336 412
3 234 337 413 421
3 235 340 414 421
4 236 341 415 422 423
3 238 342 416 421
4 239 343 417 423 425
3 241 349 418 421
4 242 350 419 422 427
4 244 353 420 425 427
2 264 367 412
3 265 368 413 430
3 267 369 414 430
4 268 370 415 431 432
3 270 375 416 430
4 272 376 417 432 434
3 277 377 418 430
4 278 378 419 431 436
4 279 379 420 434 436
0
1 0 439
1 1 439
2 2 440 441
1 3 439
2 5 441 443
1 6 439
2 7 440 445
2 8 441 445
3 9 442 446 447
1 12 439
2 13 440 449
2 14 441 449
3 15 442 450 451
2 16 443 449
3 17 444 451 453
2 18 445 449
3 19 446 450 455
3 20 447 451 455
4 21 448 452 456 457
1 22 439
2 23 440 459
2 25 443 459
2 29 449 459
3 30 450 460 462
3 31 453 461 462
1 32 439
2 33 440 465
2 34 441 465
3 35 442 466 467
2 36 443 465
3 37 444 467 469
2 42 459 465
3 43 460 466 471
3 44 461 469 471
1 47 439
2 51 443 474
2 53 445 474
2 54 449 474
3 55 453 475 477
3 56 455 476 477
2 57 459 474
3 59 461 475 480
3 60 462 477 480
4 61 464 478 481 482
1 69 439
2 71 441 484
2 72 443 484
3 74 444 485 486
2 75 445 484
3 76 447 485 488
2 86 465 484
3 87 467 485 490
3 88 469 486 490
4 89 470 487 491 492
2 91 474 484
3 93 475 486 494
3 95 476 488 494
1 96 439
2 97 440 497
2 102 445 497
3 103 446 498 499
2 110 459 497
3 111 460 498 501
2 113 465 497
3 114 466 498 503
3 116 471 501 503
4 117 472 502 504 505
2 118 474 497
3 120 476 499 507
3 121 480 501 507
2 123 484 497
3 124 488 499 510
3 126 490 503 510
3 128 494 507 510
4 129 496 508 511 513
1 130 439
2 134 443 515
2 150 459 515
3 152 461 516 517
2 156 465 515
3 157 469 516 519
3 162 471 517 519
4 163 473 518 520 521
2 166 474 515
3 170 475 516 523
3 172 480 517 523
4 174 481 518 524 525
2 175 484 515
3 177 486 516 527
3 181 490 519 527
4 182 492 520 528 529
3 184 494 523 527
4 186 495 524 528 531
2 188 497 515
3 192 501 517 533
3 194 503 519 533
4 196 505 521 534 535
3 197 507 523 533
4 199 509 525 534 537
3 201 510 527 533
4 203 512 529 535 539
4 205 513 531 537 539
1 206 439
2 208 441 542
2 209 443 542
3 211 444 543 544
2 212 445 542
3 213 447 543 546
2 214 449 542
3 215 451 543 548
3 216 453 544 548
4 217 454 545 549 550
3 218 455 546 548
4 219 457 547 549 552
2 233 474 542
3 235 475 544 554
3 237 476 546 554
3 238 477 548 554
4 239 478 550 555 557
4 240 479 552 556 557
2 246 484 542
3 248 485 543 560
3 249 486 544 560
4 251 487 545 561 562
3 252 488 546 560
4 253 489 547 561 564
3 259 494 554 560
4 261 495 555 562 566
4 263 496 556 564 566
1 309 439
2 310 440 569
2 311 441 569
3 312 442 570 571
2 315 445 569
3 316 446 570 573
3 317 447 571 573
4 318 448 572 574 575
2 331 465 569
3 332 466 570 577
3 333 467 571 577
4 334 468 572 578 579
2 354 484 569
3 355 485 571 581
3 356 488 573 581
4 357 489 575 582 583
3 364 490 577 581
4 365 491 579 582 585
2 367 497 569
3 368 498 570 587
3 371 499 573 587
4 372 500 574 588 589
3 377 503 577 587
4 378 504 578 588 591
3 380 510 581 587
4 381 511 583 589 593
4 383 512 585 591 593
0
1 0 596
1 1 596
2 2 597 598
1 3 596
2 5 598 600
1 6 596
2 10 600 602
1 12 596
2 13 597 604
2 14 598 604
3 15 599 605 606
2 16 600 604
3 17 601 606 608
1 22 596
2 23 597 610
2 25 600 610
2 26 602 610
3 28 603 612 613
2 29 604 610
3 30 605 611 615
3 31 608 612 615
1 32 596
2 33 597 618
2 34 598 618
3 35 599 619 620
2 36 600 618
3 37 601 620 622
2 38 602 618
3 39 603 622 624
2 42 610 618
3 43 611 619 626
3 44 612 622 626
3 45 613 624 626
4 46 614 625 628 629
1 47 596
2 48 597 631
2 49 598 631
3 50 599 632 633
2 53 602 631
2 62 618 631
3 63 619 632 636
3 64 620 633 636
4 65 621 634 637 638
3 66 624 635 636
1 69 596
2 70 597 641
2 75 602 641
2 77 604 641
3 78 605 642 644
2 79 610 641
3 80 611 642 646
3 82 613 643 646
3 84 615 644 646
4 85 616 645 647 649
2 91 631 641
3 92 632 642 651
3 95 635 643 651
1 96 596
2 98 598 654
2 99 600 654
3 101 601 655 656
2 102 602 654
3 104 603 656 658
2 106 604 654
3 107 606 655 660
3 108 608 656 660
4 109 609 657 661 662
2 118 631 654
3 119 633 655 664
3 120 635 658 664
2 123 641 654
3 124 643 658 667
3 125 644 660 667
3 128 651 664 667
4 129 653 666 668 670
1 130 596
2 131 597 672
2 132 598 672
3 133 599 673 674
2 142 604 672
3 143 605 673 676
3 144 606 674 676
4 145 607 675 677 678
2 166 631 672
3 167 632 673 680
3 168 633 674 680
4 169 634 675 681 682
2 175 641 672
3 176 642 673 684
3 179 644 676 684
4 180 645 677 685 686
3 184 651 680 684
4 185 652 681 685 688
2 188 654 672
3 189 655 674 690
3 190 660 676 690
4 191 661 678 691 692
3 197 664 680 690
4 198 665 682 691 694
3 201 667 684 690
4 202 669 686 692 696
4 205 670 688 694 696
1 206 596
2 207 597 699
2 212 602 699
2 220 610 699
3 221 611 700 702
3 223 613 701 702
2 225 618 699
3 226 619 700 705
3 227 624 701 705
3 230 626 702 705
4 231 627 703 706 708
4 232 629 704 707 708
2 233 631 699
3 234 632 700 711
3 237 635 701 711
3 241 636 705 711
4 242 637 706 712 714
4 243 640 707 713 714
2 246 641 699
3 247 642 700 717
3 252 643 701 717
3 254 646 702 717
4 255 647 703 718 720
4 257 648 704 719 720
3 259 651 711 717
4 260 652 712 718 723
4 263 653 713 719 723
1 309 596
2 313 600 726
2 315 602 726
3 319 603 727 728
2 321 604 726
3 322 608 727 730
2 323 610 726
3 325 612 727 732
3 326 613 728 732
4 328 614 729 733 734
3 329 615 730 732
4 330 617 731 733 736
2 354 641 726
3 356 643 728 738
3 358 644 730 738
3 359 646 732 738
4 361 648 734 739 741
4 363 649 736 740 741
2 367 654 726
3 369 656 727 744
3 371 658 728 744
4 373 659 729 745 746
3 375 660 730 744
4 376 662 731 745 748
3 380 667 738 744
4 381 668 739 746 750
4 382 669 740 748 750
1 439 596
2 440 597 753
2 441 598 753
3 442 599 754 755
2 443 600 753
3 444 601 755 757
2 449 604 753
3 450 605 754 759
3 451 606 755 759
4 452 607 756 760 761
3 453 608 757 759
4 454 609 758 761 763
2 459 610 753
3 460 611 754 765
3 461 612 757 765
3 462 615 759 765
4 463 616 760 766 768
4 464 617 763 767 768
2 465 618 753
3 466 619 754 771
3 467 620 755 771
4 468 621 756 772 773
3 469 622 757 771
4 470 623 758 773 775
3 471 626 765 771
4 472 627 766 772 777
4 473 628 767 775 777
0
1 0 780
1 1 780
1 3 780
2 4 781 783
2 5 782 783
1 6 780
2 7 781 786
2 10 783 786
3 11 784 787 788
1 12 780
2 13 781 790
2 18 786 790
3 19 787 791 792
1 22 780
2 23 781 794
2 24 782 794
2 29 790 794
3 30 791 795 797
1 32 780
2 34 782 799
2 36 783 799
3 37 785 800 801
2 38 786 799
3 39 788 801 803
2 40 790 799
3 41 792 803 805
1 47 780
2 49 782 807
2 53 786 807
2 54 790 807
3 56 792 809 810
2 57 794 807
3 58 796 808 812
3 60 797 810 812
2 62 799 807
3 64 800 808 815
3 66 803 809 815
3 67 805 810 815
4 68 806 811 817 818
1 69 780
2 70 781 820
2 71 782 820
2 72 783 820
3 73 784 821 823
3 74 785 822 823
2 77 790 820
3 78 791 821 826
2 79 794 820
3 80 795 821 828
3 81 796 822 828
3 84 797 826 828
4 85 798 827 829 831
2 86 799 820
3 87 800 822 833
3 88 801 823 833
4 89 802 825 834 835
3 90 805 826 833
1 96 780
2 97 781 838
2 98 782 838
2 99 783 838
3 100 784 839 841
3 101 785 840 841
2 102 786 838
3 103 787 839 844
3 104 788 841 844
4 105 789 842 845 846
2 110 794 838
3 111 795 839 848
3 112 796 840 848
2 118 807 838
3 119 808 840 851
3 120 809 844 851
3 121 812 848 851
4 122 813 850 852 854
1 130 780
2 131 781 856
2 134 783 856
3 135 784 857 858
2 136 786 856
3 137 787 857 860
3 140 788 858 860
4 141 789 859 861 862
2 142 790 856
3 143 791 857 864
3 146 792 860 864
4 147 793 861 865 866
2 156 799 856
3 157 801 858 868
3 158 803 860 868
4 159 804 862 869 870
3 160 805 864 868
4 161 806 866 870 872
2 175 820 856
3 176 821 857 874
3 177 823 858 874
4 178 824 859 875 876
3 179 826 864 874
4 180 827 865 875 878
3 181 833 868 874
4 182 835 869 876 880
4 183 837 872 878 880
1 206 780
2 207 781 883
2 208 782 883
2 209 783 883
3 210 784 884 886
3 211 785 885 886
2 220 794 883
3 221 795 884 889
3 222 796 885 889
2 246 820 883
3 247 821 884 892
3 248 822 885 892
3 249 823 886 892
4 250 824 887 893 895
4 251 825 888 894 895
3 254 828 889 892
4 255 829 890 893 898
4 256 830 891 894 898
2 264 838 883
3 265 839 884 901
3 266 840 885 901
3 267 841 886 901
4 268 842 887 902 904
4 269 843 888 903 904
3 274 848 889 901
4 275 849 890 902 907
4 276 850 891 903 907
1 309 780
2 311 782 910
2 321 790 910
2 323 794 910
3 324 796 911 913
3 329 797 912 913
2 331 799 910
3 333 800 911 916
3 335 805 912 916
2 336 807 910
3 338 808 911 919
3 342 810 912 919
3 344 812 913 919
4 345 813 914 920 922
4 347 814 915 921 922
3 349 815 916 919
4 351 816 917 920 925
4 353 818 918 921 925
2 354 820 910
3 355 822 911 928
3 358 826 912 928
3 359 828 913 928
4 360 830 914 929 931
4 363 831 915 930 931
3 364 833 916 928
4 365 834 917 929 934
4 366 837 918 930 934
1 439 780
2 440 781 937
2 445 786 937
3 446 787 938 939
2 449 790 937
3 450 791 938 941
3 455 792 939 941
4 456 793 940 942 943
2 459 794 937
3 460 795 938 945
3 462 797 941 945
4 463 798 942 946 947
2 474 807 937
3 476 809 939 949
3 477 810 941 949
4 479 811 943 950 951
3 480 812 945 949
4 482 814 947 951 953
2 497 838 937
3 498 839 938 955
3 499 844 939 955
4 500 845 940 956 957
3 501 848 945 955
4 502 849 946 956 959
3 507 851 949 955
4 508 853 950 957 961
4 509 854 953 959 961
1 596 780
2 598 782 964
2 600 783 964
3 601 785 965 966
2 602 786 964
3 603 788 966 968
2 618 799 964
3 620 800 965 970
3 622 801 966 970
4 623 802 967 971 972
3 624 803 968 970
4 625 804 969 972 974
2 631 807 964
3 633 808 965 976
3 635 809 968 976
3 636 815 970 976
4 638 816 971 977 979
4 640 817 974 978 979
2 654 838 964
3 655 840 965 982
3 656 841 966 982
4 657 843 967 983 984
3 658 844 968 982
4 659 846 969 984 986
3 664 851 976 982
4 665 852 977 983 988
4 666 853 978 986 988
