0 0 1
0 0 3
0 0 6
0 0 12
0 0 22
0 0 32
0 0 47
0 0 69
0 0 96
0 0 130
0 0 206
0 0 309
0 0 439
0 0 596
0 0 780
1 2 7 8
1 4 7 10
1 2 13 14
1 5 14 16
1 7 13 18
1 8 10 13 16 23 24
1 8 10 24 25
1 8 24 26
1 13 23 29
1 2 33 34
1 5 34 36
1 10 36 38
1 18 38 40
1 23 33 42
1 2 48 49
1 4 48 51
1 16 18 51 53
1 16 51 54
1 24 49 57
1 33 48 62
1 4 5 70 71
1 4 70 72
1 8 71 75
1 13 70 77
1 23 70 79
1 34 71 86
1 48 70 91
1 4 5 97 98
1 4 97 99
1 7 97 102
1 14 98 106
1 23 97 110
1 33 97 113
1 49 98 118
1 75 102 123
1 2 131 132
1 4 131 134
1 7 131 136
1 13 131 142
1 24 132 150
1 36 134 156
1 48 131 166
1 70 131 175
1 98 132 188
1 4 5 207 208
1 4 207 209
1 8 208 212
1 14 208 214
1 23 207 220
1 33 207 225
1 48 207 233
1 70 207 246
1 97 207 264
1 132 208 282
1 2 310 311
1 4 310 313
1 7 310 315
1 16 313 321
1 24 311 323
1 33 310 331
1 48 310 336
1 71 311 354
1 97 310 367
1 131 310 385
1 207 310 412
1 2 440 441
1 5 441 443
1 7 440 445
1 13 440 449
1 23 440 459
1 33 440 465
1 51 443 474
1 71 441 484
1 97 440 497
1 134 443 515
1 208 441 542
1 310 440 569
1 2 597 598
1 5 598 600
1 10 600 602
1 13 597 604
1 23 597 610
1 33 597 618
1 48 597 631
1 70 597 641
1 98 598 654
1 131 597 672
1 207 597 699
1 313 600 726
1 440 597 753
1 4 5 781 782
1 4 781 783
1 7 781 786
1 13 781 790
1 23 781 794
1 34 782 799
1 49 782 807
1 70 781 820
1 97 781 838
1 131 781 856
1 207 781 883
1 311 782 910
1 440 781 937
1 598 782 964
2 9 15 19 20
2 9 17 19 20 30 31 35 37 43 44
2 28 39 44 45
2 9 11 27 28 50 52 58 59
2 31 55 59 60
2 35 50 63 64
2 41 56 66 67
2 17 20 27 43 45 52 55 56 63 66 73 74 80 81
2 27 76 81 82
2 30 78 80 84
2 37 74 87 88
2 11 19 39 41 73 78 88 90
2 52 73 92 93
2 17 20 52 55 56 73 74 76 92 95
2 11 100 103 104
2 17 101 107 108
2 17 20 27 43 45 52 55 56 63 66 100 101 111 112
2 9 15 19 27 28 39 41 43 44 107 111 112 114 115
2 43 111 114 116
2 11 15 27 28 31 50 76 78 81 84 92 95 100 103 107 108 119 120
2 58 112 119 121
2 15 50 78 92 95 107 119 120 124 125
2 90 115 125 126
2 95 120 124 128
2 9 133 137 138
2 11 135 137 140
2 15 133 143 144
2 19 137 143 146
2 27 28 138 140 151 152
2 27 138 151 153
2 39 140 157 158
2 41 146 158 160
2 44 152 157 162
2 50 133 167 168
2 52 135 167 170
2 58 151 168 172
2 73 135 176 177
2 78 143 176 179
2 88 157 177 181
2 92 167 176 184
2 107 144 189 190
2 112 151 189 192
2 115 160 190 194
2 119 168 189 197
2 125 179 190 201
2 17 211 215 216
2 20 213 215 218
2 27 43 45 52 55 56 63 66 210 213 216 218 221 222
2 27 213 222 223
2 43 45 221 223 226 227
2 41 218 227 228
2 43 221 226 230
2 52 210 234 235
2 55 56 216 218 235 237
2 55 216 235 238
2 63 226 234 241
2 73 74 210 211 247 248
2 73 210 247 249
2 76 213 248 252
2 80 221 247 254
2 92 234 247 259
2 100 101 210 211 265 266
2 100 210 265 267
2 107 215 266 270
2 111 221 265 274
2 114 226 265 277
2 138 213 283 284
2 144 215 283 286
2 151 222 283 290
2 158 227 284 294
2 189 266 283 300
2 9 312 316 317
2 11 314 316 319
2 27 28 317 319 324 325
2 27 317 324 326
2 31 322 325 329
2 35 312 332 333
2 52 55 63 67 314 322 332 335
2 50 312 337 338
2 52 314 337 340
2 55 322 340 342
2 58 324 338 344
2 63 332 337 349
2 76 317 355 356
2 81 84 324 329 355 358
2 81 324 355 359
2 87 333 355 364
2 100 314 368 369
2 103 316 368 371
2 108 322 369 375
2 114 332 368 377
2 124 356 371 380
2 133 312 386 387
2 135 314 386 389
2 137 316 386 391
2 151 324 387 397
2 167 337 386 403
2 210 314 413 414
2 216 322 414 416
2 226 332 413 418
2 234 337 413 421
2 265 368 413 430
2 9 442 446 447
2 15 442 450 451
2 17 444 451 453
2 19 446 450 455
2 30 31 450 453 460 461
2 30 450 460 462
2 35 442 466 467
2 37 444 467 469
2 43 460 466 471
2 55 56 453 455 475 476
2 55 453 475 477
2 59 461 475 480
2 74 444 485 486
2 76 447 485 488
2 87 467 485 490
2 93 475 486 494
2 103 446 498 499
2 111 460 498 501
2 114 466 498 503
2 120 476 499 507
2 124 488 499 510
2 152 461 516 517
2 157 469 516 519
2 170 475 516 523
2 177 486 516 527
2 192 501 517 533
2 211 444 543 544
2 213 447 543 546
2 215 451 543 548
2 235 475 544 554
2 248 485 543 560
2 312 442 570 571
2 316 446 570 573
2 332 466 570 577
2 355 485 571 581
2 368 498 570 587
2 15 599 605 606
2 17 601 606 608
2 30 31 605 608 611 612
2 28 603 612 613
2 30 605 611 615
2 35 599 619 620
2 37 601 620 622
2 39 603 622 624
2 43 611 619 626
2 50 599 632 633
2 63 66 619 624 632 635
2 63 619 632 636
2 80 82 611 613 642 643
2 78 605 642 644
2 80 611 642 646
2 92 632 642 651
2 101 601 655 656
2 104 603 656 658
2 107 606 655 660
2 119 633 655 664
2 124 643 658 667
2 133 599 673 674
2 143 605 673 676
2 167 632 673 680
2 176 642 673 684
2 189 655 674 690
2 221 223 611 613 700 701
2 221 611 700 702
2 226 619 700 705
2 234 632 700 711
2 247 642 700 717
2 319 603 727 728
2 322 608 727 730
2 325 612 727 732
2 356 643 728 738
2 369 656 727 744
2 442 599 754 755
2 444 601 755 757
2 450 605 754 759
2 460 611 754 765
2 466 619 754 771
2 11 784 787 788
2 19 787 791 792
2 30 37 39 56 58 60 64 66 785 788 791 792 795 796
2 30 791 795 797
2 37 785 800 801
2 39 788 801 803
2 41 792 803 805
2 56 58 60 792 796 797 808 809
2 56 792 809 810
2 58 796 808 812
2 64 800 808 815
2 73 74 784 785 821 822
2 73 784 821 823
2 78 791 821 826
2 80 795 821 828
2 87 800 822 833
2 100 101 784 785 839 840
2 100 784 839 841
2 103 787 839 844
2 111 795 839 848
2 119 808 840 851
2 135 784 857 858
2 137 787 857 860
2 143 791 857 864
2 157 801 858 868
2 176 821 857 874
2 210 211 784 785 884 885
2 210 784 884 886
2 221 795 884 889
2 247 821 884 892
2 265 839 884 901
2 324 329 796 797 911 912
2 324 796 911 913
2 333 800 911 916
2 338 808 911 919
2 355 822 911 928
2 446 787 938 939
2 450 791 938 941
2 460 795 938 945
2 476 809 939 949
2 498 839 938 955
2 601 785 965 966
2 603 788 966 968
2 620 800 965 970
2 633 808 965 976
2 655 840 965 982
3 21 139 145 147 148
3 46 155 159 163 164
3 94 171 178 185 186
3 122 173 193 198 199
3 127 183 195 202 203
3 68 229 240 243 244
3 83 224 253 256 257
3 94 236 250 260 261
3 109 217 269 271 272
3 117 148 154 161 164 191 193 195 196 219 224 229 231 232 271 275 276 278 279
3 117 231 275 278 280
3 148 219 285 287 288
3 154 224 285 291 292
3 161 229 288 295 296
3 164 232 292 295 298
3 191 271 287 301 302
3 193 276 291 301 304
3 195 279 296 302 306
3 139 141 154 155 169 171 173 174 318 320 327 328 339 341 345 346
3 61 330 343 346 347
3 65 334 339 350 351
3 83 327 357 360 361
3 105 320 370 372 373
3 236 239 242 244 268 272 278 279 341 343 350 353 370 376 378 379
3 127 366 379 382 383
3 139 318 388 392 393
3 141 320 390 392 395
3 154 155 327 328 393 395 398 399
3 154 327 393 398 400
3 169 339 388 404 405
3 171 341 390 404 407
3 173 345 398 405 409
3 236 239 242 244 341 343 350 353 415 417 419 420
3 236 341 415 422 423
3 239 343 417 423 425
3 242 350 419 422 427
3 268 370 415 431 432
3 272 376 417 432 434
3 278 378 419 431 436
3 21 448 452 456 457
3 61 464 478 481 482
3 89 470 487 491 492
3 217 219 239 240 251 253 261 263 454 457 478 479 487 489 495 496
3 117 472 502 504 505
3 129 163 174 182 186 196 199 203 205 318 334 357 365 372 378 381 383 448 468 473 481 489 491 492 495 496 500 504 505 508 509
3 129 163 174 182 186 196 199 203 205 473 481 492 495 496 505 508 509 511 512
3 129 496 508 511 513
3 163 473 518 520 521
3 174 481 518 524 525
3 182 492 520 528 529
3 186 495 524 528 531
3 196 505 521 534 535
3 199 509 525 534 537
3 203 512 529 535 539
3 217 454 545 549 550
3 219 457 547 549 552
3 239 240 478 479 550 552 555 556
3 239 478 550 555 557
3 251 487 545 561 562
3 253 489 547 561 564
3 261 495 555 562 566
3 318 448 572 574 575
3 334 468 572 578 579
3 357 489 575 582 583
3 365 491 579 582 585
3 372 500 574 588 589
3 378 504 578 588 591
3 381 511 583 589 593
3 452 454 463 464 468 470 472 473 607 609 616 617 621 623 627 628
3 46 614 625 628 629
3 65 621 634 637 638
3 85 616 645 647 649
3 231 232 242 243 255 257 260 263 627 629 637 640 647 648 652 653
3 109 609 657 661 662
3 129 145 169 180 185 191 198 202 205 328 330 361 363 373 376 381 382 607 614 617 634 645 648 649 652 653 659 661 662 665 666
3 129 145 169 180 185 191 198 202 205 607 634 645 652 653 661 665 666 668 669
3 129 653 666 668 670
3 145 607 675 677 678
3 169 634 675 681 682
3 180 645 677 685 686
3 185 652 681 685 688
3 191 661 678 691 692
3 198 665 682 691 694
3 202 669 686 692 696
3 231 232 627 629 703 704 706 707
3 231 627 703 706 708
3 242 243 637 640 706 707 712 713
3 242 637 706 712 714
3 255 257 647 648 703 704 718 719
3 255 647 703 718 720
3 260 652 712 718 723
3 328 614 729 733 734
3 330 617 731 733 736
3 361 363 648 649 734 736 739 740
3 361 648 734 739 741
3 373 659 729 745 746
3 376 662 731 745 748
3 381 668 739 746 750
3 452 607 756 760 761
3 454 609 758 761 763
3 463 464 616 617 760 763 766 767
3 463 616 760 766 768
3 468 621 756 772 773
3 470 623 758 773 775
3 472 627 766 772 777
3 68 806 811 817 818
3 85 89 141 147 159 161 178 180 182 183 345 347 351 353 360 363 365 366 789 793 798 802 804 806 813 814 816 818 824 825 829 830
3 85 798 827 829 831
3 89 802 825 834 835
3 141 147 159 161 178 180 182 183 789 793 804 806 824 827 835 837
3 105 789 842 845 846
3 250 251 255 256 268 269 275 276 824 825 829 830 842 843 849 850
3 122 456 463 479 482 500 502 508 509 793 798 811 813 814 845 849 850 852 853
3 122 813 850 852 854
3 141 789 859 861 862
3 147 793 861 865 866
3 159 804 862 869 870
3 161 806 866 870 872
3 178 824 859 875 876
3 180 827 865 875 878
3 182 835 869 876 880
3 250 251 255 256 824 825 829 830 887 888 890 891
3 250 251 824 825 887 888 893 894
3 250 824 887 893 895
3 255 829 890 893 898
3 268 269 842 843 887 888 902 903
3 268 842 887 902 904
3 275 849 890 902 907
3 345 347 351 353 813 814 816 818 914 915 917 918
3 345 347 813 814 914 915 920 921
3 345 813 914 920 922
3 351 816 917 920 925
3 360 363 830 831 914 915 929 930
3 360 830 914 929 931
3 365 834 917 929 934
3 456 793 940 942 943
3 463 798 942 946 947
3 479 811 943 950 951
3 482 814 947 951 953
3 500 845 940 956 957
3 502 849 946 956 959
3 508 853 950 957 961
3 623 802 967 971 972
3 625 804 969 972 974
3 638 640 816 817 971 974 977 978
3 638 816 971 977 979
3 657 843 967 983 984
3 659 846 969 984 986
3 665 852 977 983 988
