225
20 21
44 366
45 46
59 174
60 61
64 65
67 68
81 256
82 83
84 85
88 89
90 183
93 94
95 263
104 105
108 109
112 276
115 196
116 117
120 382
121 122
125 205
126 127
128 129
138 139
140 141
144 145
146 147
152 155
153 154
158 159
160 161
162 163
168 169
170 171
172 173
177 178
179 180
181 182
184 185
190 191
192 193
194 195
197 198
201 202
216 217
218 219
222 243
223 224
227 232
228 229
230 231
235 236
237 240
238 239
241 242
248 251
249 250
252 253
254 255
259 260
266 269
267 268
270 271
274 275
277 278
284 285
286 287
290 291
294 295
300 301
317 318
319 320
325 328
326 327
329 330
333 334
335 353
338 339
340 341
342 343
344 345
349 350
356 357
358 363
359 360
364 365
369 370
371 372
375 376
377 378
380 381
387 388
389 390
391 392
397 398
403 404
414 415
416 417
418 419
421 422
430 431
447 448
451 452
453 454
455 456
461 464
462 463
467 468
469 470
471 472
476 479
477 478
480 481
486 487
488 489
490 491
494 495
499 500
501 502
503 504
507 508
510 511
517 518
519 520
523 524
527 528
533 534
544 545
546 547
548 549
554 555
560 561
571 572
573 574
577 578
581 582
587 588
606 607
608 609
612 617
613 614
615 616
620 621
622 623
624 625
626 627
633 634
635 640
636 637
643 648
644 645
646 647
651 652
656 657
658 659
660 661
664 665
667 668
674 675
676 677
680 681
684 685
690 691
701 704
702 703
705 706
711 712
717 718
728 729
730 731
732 733
738 739
744 745
755 756
757 758
759 760
765 766
771 772
788 789
792 793
796 817
797 798
801 802
803 804
805 806
809 814
810 811
812 813
815 816
822 825
823 824
826 827
828 829
833 834
840 843
841 842
844 845
848 849
851 852
858 859
860 861
864 865
868 869
874 875
885 888
886 887
889 890
892 893
901 902
912 915
913 914
916 917
919 920
928 929
939 940
941 942
945 946
949 950
955 956
966 967
968 969
970 971
976 977
982 983
