0
0
1 0 1
0
1 0 3
1
0
1 0 6
1
2 2 7 8
1
2 4 7 10
0
1 0 12
1
2 2 13 14
1
2 5 14 16
1
2 7 13 18
2
3 9 15 19 20
0
1 0 22
1
1
1
2 8 24 26
2 8 10 24 25
1
2 13 23 29
2 8 10 13 16 23 24
0
1 0 32
1
2 2 33 34
1
2 5 34 36
1
2 10 36 38
1
2 18 38 40
1
2 23 33 42
2
2
3 28 39 44 45
0
1 0 47
1
2 2 48 49
1
2 4 48 51
1
1
2 16 51 54
2 16 18 51 53
1
2 24 49 57
2
2
3 31 55 59 60
1
2 33 48 62
2
3 35 50 63 64
2
2
3 41 56 66 67
0
1 0 69
1
1
2 4 70 72
2 4 5 70 71
1
2 8 71 75
1
2 13 70 77
1
2 23 70 79
2
2
3 27 76 81 82
2
3 30 78 80 84
1
2 34 71 86
2
3 37 74 87 88
2
1
2 48 70 91
2
3 52 73 92 93
2
0
1 0 96
1
1
2 4 97 99
2 4 5 97 98
1
2 7 97 102
2
3 11 100 103 104
1
2 14 98 106
2
3 17 101 107 108
1
2 23 97 110
2
1
2 33 97 113
2
2
3 43 111 114 116
1
2 49 98 118
2
2
3 58 112 119 121
1
2 75 102 123
2
2
3 90 115 125 126
2
3 95 120 124 128
0
1 0 130
1
2 2 131 132
1
2 4 131 134
1
2 7 131 136
2
3 9 133 137 138
2
3 11 135 137 140
1
2 13 131 142
2
3 15 133 143 144
2
3 19 137 143 146
3
4 21 139 145 147 148
1
2 24 132 150
2
2
3 27 138 151 153
3 27 28 138 140 151 152
1
2 36 134 156
2
3 39 140 157 158
2
3 41 146 158 160
2
3 44 152 157 162
3
4 46 155 159 163 164
1
2 48 131 166
2
3 50 133 167 168
2
3 52 135 167 170
2
3 58 151 168 172
3 9 11 27 28 50 52 58 59
1
2 70 131 175
2
3 73 135 176 177
2
3 78 143 176 179
2
3 88 157 177 181
3 11 19 39 41 73 78 88 90
2
3 92 167 176 184
3
4 94 171 178 185 186
1
2 98 132 188
2
3 107 144 189 190
2
3 112 151 189 192
2
3 115 160 190 194
3 9 15 19 27 28 39 41 43 44 107 111 112 114 115
2
3 119 168 189 197
3
4 122 173 193 198 199
2
3 125 179 190 201
3
4 127 183 195 202 203
3 15 50 78 92 95 107 119 120 124 125
0
1 0 206
1
1
2 4 207 209
2 4 5 207 208
1
2 8 208 212
1
2 14 208 214
2
3 17 211 215 216
2
3 20 213 215 218
1
2 23 207 220
2
2
3 27 213 222 223
1
2 33 207 225
2
2
3 41 218 227 228
2
3 43 221 226 230
3 43 45 221 223 226 227
1
2 48 207 233
2
3 52 210 234 235
2
2
3 55 216 235 238
3 55 56 216 218 235 237
2
3 63 226 234 241
3 27 43 45 52 55 56 63 66 210 213 216 218 221 222
3
4 68 229 240 243 244
1
2 70 207 246
2
2
3 73 210 247 249
3 73 74 210 211 247 248
2
3 76 213 248 252
2
3 80 221 247 254
3 17 20 27 43 45 52 55 56 63 66 73 74 80 81
3
4 83 224 253 256 257
2
3 92 234 247 259
3
4 94 236 250 260 261
3 17 20 52 55 56 73 74 76 92 95
1
2 97 207 264
2
2
3 100 210 265 267
3 100 101 210 211 265 266
2
3 107 215 266 270
3
4 109 217 269 271 272
2
3 111 221 265 274
3 17 20 27 43 45 52 55 56 63 66 100 101 111 112
2
3 114 226 265 277
3
3
4 117 231 275 278 280
1
2 132 208 282
2
3 138 213 283 284
2
3 144 215 283 286
3
4 148 219 285 287 288
2
3 151 222 283 290
3
4 154 224 285 291 292
2
3 158 227 284 294
3
4 161 229 288 295 296
3
4 164 232 292 295 298
2
3 189 266 283 300
3
4 191 271 287 301 302
3
4 193 276 291 301 304
3
4 195 279 296 302 306
4 117 148 154 161 164 191 193 195 196 219 224 229 231 232 271 275 276 278 279
0
1 0 309
1
2 2 310 311
1
2 4 310 313
1
2 7 310 315
2
3 9 312 316 317
2
3 11 314 316 319
1
2 16 313 321
1
2 24 311 323
2
2
3 27 317 324 326
3 27 28 317 319 324 325
2
3 31 322 325 329
1
2 33 310 331
2
3 35 312 332 333
2
1
2 48 310 336
2
3 50 312 337 338
2
3 52 314 337 340
2
3 55 322 340 342
2
3 58 324 338 344
3
3
4 61 330 343 346 347
2
3 63 332 337 349
3
4 65 334 339 350 351
3 52 55 63 67 314 322 332 335
1
2 71 311 354
2
3 76 317 355 356
2
2
3 81 324 355 359
3
4 83 327 357 360 361
3 81 84 324 329 355 358
2
3 87 333 355 364
3 9 17 19 20 30 31 35 37 43 44
1
2 97 310 367
2
3 100 314 368 369
2
3 103 316 368 371
3
4 105 320 370 372 373
2
3 108 322 369 375
2
3 114 332 368 377
3
2
3 124 356 371 380
3 11 15 27 28 31 50 76 78 81 84 92 95 100 103 107 108 119 120
3
4 127 366 379 382 383
1
2 131 310 385
2
3 133 312 386 387
2
3 135 314 386 389
2
3 137 316 386 391
3
4 139 318 388 392 393
3
4 141 320 390 392 395
2
3 151 324 387 397
3
3
4 154 327 393 398 400
4 154 155 327 328 393 395 398 399
2
3 167 337 386 403
3
4 169 339 388 404 405
3
4 171 341 390 404 407
3
4 173 345 398 405 409
4 139 141 154 155 169 171 173 174 318 320 327 328 339 341 345 346
1
2 207 310 412
2
3 210 314 413 414
2
3 216 322 414 416
2
3 226 332 413 418
3
2
3 234 337 413 421
3
4 236 341 415 422 423
3
4 239 343 417 423 425
3
4 242 350 419 422 427
4 236 239 242 244 341 343 350 353 415 417 419 420
2
3 265 368 413 430
3
4 268 370 415 431 432
3
4 272 376 417 432 434
3
4 278 378 419 431 436
4 236 239 242 244 268 272 278 279 341 343 350 353 370 376 378 379
0
1 0 439
1
2 2 440 441
1
2 5 441 443
1
2 7 440 445
2
3 9 442 446 447
1
2 13 440 449
2
3 15 442 450 451
2
3 17 444 451 453
2
3 19 446 450 455
3
4 21 448 452 456 457
1
2 23 440 459
2
2
3 30 450 460 462
3 30 31 450 453 460 461
1
2 33 440 465
2
3 35 442 466 467
2
3 37 444 467 469
2
3 43 460 466 471
3
1
2 51 443 474
2
2
3 55 453 475 477
3 55 56 453 455 475 476
2
3 59 461 475 480
3
4 61 464 478 481 482
1
2 71 441 484
2
3 74 444 485 486
2
3 76 447 485 488
2
3 87 467 485 490
3
4 89 470 487 491 492
2
3 93 475 486 494
3
1
2 97 440 497
2
3 103 446 498 499
2
3 111 460 498 501
2
3 114 466 498 503
3
4 117 472 502 504 505
2
3 120 476 499 507
3
2
3 124 488 499 510
3
3
4 129 496 508 511 513
1
2 134 443 515
2
3 152 461 516 517
2
3 157 469 516 519
3
4 163 473 518 520 521
2
3 170 475 516 523
3
4 174 481 518 524 525
2
3 177 486 516 527
3
4 182 492 520 528 529
3
4 186 495 524 528 531
2
3 192 501 517 533
3
4 196 505 521 534 535
3
4 199 509 525 534 537
3
4 203 512 529 535 539
4 129 163 174 182 186 196 199 203 205 473 481 492 495 496 505 508 509 511 512
1
2 208 441 542
2
3 211 444 543 544
2
3 213 447 543 546
2
3 215 451 543 548
3
4 217 454 545 549 550
3
4 219 457 547 549 552
2
3 235 475 544 554
3
3
4 239 478 550 555 557
4 239 240 478 479 550 552 555 556
2
3 248 485 543 560
3
4 251 487 545 561 562
3
4 253 489 547 561 564
3
4 261 495 555 562 566
4 217 219 239 240 251 253 261 263 454 457 478 479 487 489 495 496
1
2 310 440 569
2
3 312 442 570 571
2
3 316 446 570 573
3
4 318 448 572 574 575
2
3 332 466 570 577
3
4 334 468 572 578 579
2
3 355 485 571 581
3
4 357 489 575 582 583
3
4 365 491 579 582 585
2
3 368 498 570 587
3
4 372 500 574 588 589
3
4 378 504 578 588 591
3
4 381 511 583 589 593
4 129 163 174 182 186 196 199 203 205 318 334 357 365 372 378 381 383 448 468 473 481 489 491 492 495 496 500 504 505 508 509
0
1 0 596
1
2 2 597 598
1
2 5 598 600
1
2 10 600 602
1
2 13 597 604
2
3 15 599 605 606
2
3 17 601 606 608
1
2 23 597 610
2
2
3 28 603 612 613
2
3 30 605 611 615
3 30 31 605 608 611 612
1
2 33 597 618
2
3 35 599 619 620
2
3 37 601 620 622
2
3 39 603 622 624
2
3 43 611 619 626
3
3
4 46 614 625 628 629
1
2 48 597 631
2
3 50 599 632 633
2
2
3 63 619 632 636
3
4 65 621 634 637 638
3 63 66 619 624 632 635
1
2 70 597 641
2
2
3 78 605 642 644
2
3 80 611 642 646
3 80 82 611 613 642 643
3
4 85 616 645 647 649
2
3 92 632 642 651
3
1
2 98 598 654
2
3 101 601 655 656
2
3 104 603 656 658
2
3 107 606 655 660
3
4 109 609 657 661 662
2
3 119 633 655 664
3
2
3 124 643 658 667
3
3
4 129 653 666 668 670
1
2 131 597 672
2
3 133 599 673 674
2
3 143 605 673 676
3
4 145 607 675 677 678
2
3 167 632 673 680
3
4 169 634 675 681 682
2
3 176 642 673 684
3
4 180 645 677 685 686
3
4 185 652 681 685 688
2
3 189 655 674 690
3
4 191 661 678 691 692
3
4 198 665 682 691 694
3
4 202 669 686 692 696
4 129 145 169 180 185 191 198 202 205 607 634 645 652 653 661 665 666 668 669
1
2 207 597 699
2
2
3 221 611 700 702
3 221 223 611 613 700 701
2
3 226 619 700 705
3
3
4 231 627 703 706 708
4 231 232 627 629 703 704 706 707
2
3 234 632 700 711
3
3
4 242 637 706 712 714
4 242 243 637 640 706 707 712 713
2
3 247 642 700 717
3
3
4 255 647 703 718 720
4 255 257 647 648 703 704 718 719
3
4 260 652 712 718 723
4 231 232 242 243 255 257 260 263 627 629 637 640 647 648 652 653
1
2 313 600 726
2
3 319 603 727 728
2
3 322 608 727 730
2
3 325 612 727 732
3
4 328 614 729 733 734
3
4 330 617 731 733 736
2
3 356 643 728 738
3
3
4 361 648 734 739 741
4 361 363 648 649 734 736 739 740
2
3 369 656 727 744
3
4 373 659 729 745 746
3
4 376 662 731 745 748
3
4 381 668 739 746 750
4 129 145 169 180 185 191 198 202 205 328 330 361 363 373 376 381 382 607 614 617 634 645 648 649 652 653 659 661 662 665 666
1
2 440 597 753
2
3 442 599 754 755
2
3 444 601 755 757
2
3 450 605 754 759
3
4 452 607 756 760 761
3
4 454 609 758 761 763
2
3 460 611 754 765
3
3
4 463 616 760 766 768
4 463 464 616 617 760 763 766 767
2
3 466 619 754 771
3
4 468 621 756 772 773
3
4 470 623 758 773 775
3
4 472 627 766 772 777
4 452 454 463 464 468 470 472 473 607 609 616 617 621 623 627 628
0
1 0 780
1
1
2 4 781 783
2 4 5 781 782
1
2 7 781 786
2
3 11 784 787 788
1
2 13 781 790
2
3 19 787 791 792
1
2 23 781 794
2
2
3 30 791 795 797
1
2 34 782 799
2
3 37 785 800 801
2
3 39 788 801 803
2
3 41 792 803 805
1
2 49 782 807
2
2
3 56 792 809 810
2
3 58 796 808 812
3 56 58 60 792 796 797 808 809
2
3 64 800 808 815
3 30 37 39 56 58 60 64 66 785 788 791 792 795 796
3
4 68 806 811 817 818
1
2 70 781 820
2
2
3 73 784 821 823
3 73 74 784 785 821 822
2
3 78 791 821 826
2
3 80 795 821 828
3
3
4 85 798 827 829 831
2
3 87 800 822 833
3
4 89 802 825 834 835
3
1
2 97 781 838
2
2
3 100 784 839 841
3 100 101 784 785 839 840
2
3 103 787 839 844
3
4 105 789 842 845 846
2
3 111 795 839 848
3
2
3 119 808 840 851
3
3
4 122 813 850 852 854
1
2 131 781 856
2
3 135 784 857 858
2
3 137 787 857 860
3
4 141 789 859 861 862
2
3 143 791 857 864
3
4 147 793 861 865 866
2
3 157 801 858 868
3
4 159 804 862 869 870
3
4 161 806 866 870 872
2
3 176 821 857 874
3
4 178 824 859 875 876
3
4 180 827 865 875 878
3
4 182 835 869 876 880
4 141 147 159 161 178 180 182 183 789 793 804 806 824 827 835 837
1
2 207 781 883
2
2
3 210 784 884 886
3 210 211 784 785 884 885
2
3 221 795 884 889
3
2
3 247 821 884 892
3
3
4 250 824 887 893 895
4 250 251 824 825 887 888 893 894
3
4 255 829 890 893 898
4 250 251 255 256 824 825 829 830 887 888 890 891
2
3 265 839 884 901
3
3
4 268 842 887 902 904
4 268 269 842 843 887 888 902 903
3
4 275 849 890 902 907
4 250 251 255 256 268 269 275 276 824 825 829 830 842 843 849 850
1
2 311 782 910
2
2
3 324 796 911 913
3 324 329 796 797 911 912
2
3 333 800 911 916
3
2
3 338 808 911 919
3
3
4 345 813 914 920 922
4 345 347 813 814 914 915 920 921
3
4 351 816 917 920 925
4 345 347 351 353 813 814 816 818 914 915 917 918
2
3 355 822 911 928
3
3
4 360 830 914 929 931
4 360 363 830 831 914 915 929 930
3
4 365 834 917 929 934
4 85 89 141 147 159 161 178 180 182 183 345 347 351 353 360 363 365 366 789 793 798 802 804 806 813 814 816 818 824 825 829 830
1
2 440 781 937
2
3 446 787 938 939
2
3 450 791 938 941
3
4 456 793 940 942 943
2
3 460 795 938 945
3
4 463 798 942 946 947
2
3 476 809 939 949
3
4 479 811 943 950 951
3
4 482 814 947 951 953
2
3 498 839 938 955
3
4 500 845 940 956 957
3
4 502 849 946 956 959
3
4 508 853 950 957 961
4 122 456 463 479 482 500 502 508 509 793 798 811 813 814 845 849 850 852 853
1
2 598 782 964
2
3 601 785 965 966
2
3 603 788 966 968
2
3 620 800 965 970
3
4 623 802 967 971 972
3
4 625 804 969 972 974
2
3 633 808 965 976
3
3
4 638 816 971 977 979
4 638 640 816 817 971 974 977 978
2
3 655 840 965 982
3
4 657 843 967 983 984
3
4 659 846 969 984 986
3
4 665 852 977 983 988
4
